# 2I25, 1Z0K, 2HQS, 1R6Q, 2UUY, 1RKE, 1D6R, 1ZHH, 3SGQ, 1JTG, 2O3B, 1CGI, 1CLV, 3F1P, 1AK4, 1R0R, 1GPW, 1E96, 1FLE, 2OOB
0.6670116460730097 -0.00012815756744039662 5.3083732599597915e-05 237.35294117647058 -0.003719457013574698 0.017091673642522117 237.35294117647058 0.4836788609634865 0.23917179 -0.17856644125447357 0.19702685 -0.11849576374480905
0.8893582962229866 2.6190121550770657e-05 2.6588974369962908e-05 223.5686274509804 -0.0217963800904977 0.013596606207778182 223.5686274509804 -0.2708131755371207 0.1924615 -0.3038601026089041 0.19621769 0.1371575622219566
0.8742437279439884 -5.918253536343996e-06 2.2833355534427026e-05 259.45098039215685 -0.005511312217194623 0.018989425041103195 259.45098039215685 -0.33326597472183717 0.19426516 0.22165238441071278 0.18499954 0.22054884977113062
0.6546204625714258 9.468744112937355e-05 5.0349416999085295e-05 367.4117647058824 -0.20557013574660626 0.04090146904342115 367.4117647058824 -0.3100172811665295 0.79224604 -0.46490357843583374 0.801508 -0.4755424979543179
0.808497984458385 8.330290706042495e-06 3.3154890108399213e-05 392.7647058823529 0.028144796380090487 0.019735058779293893 392.7647058823529 -0.11478021627030968 0.25858852 0.11183563335487806 0.22350825 0.31935136251002244
0.5754064810326188 0.00011308874065626016 4.64910335800245e-05 335.19607843137254 0.011058823529411873 0.022056254516372834 335.19607843137254 0.08850408826686823 0.22283246 0.3330712514111539 0.21619299 0.087001335330475
0.7702398619489437 5.08454918716804e-05 4.4346716844010257e-05 151.7058823529412 -0.0019230769230768735 0.015993615704043077 151.7058823529412 -0.4636292386012344 0.26288748 0.01133084834833198 0.2458982 -0.1367845923666198
0.6021737629435658 6.113109074902955e-06 4.5071551063187496e-05 160.86274509803923 0.0073846153846154694 0.03017792876688851 160.86274509803923 0.16393490996546725 0.30314723 -0.059040597603012765 0.29935592 -0.20628934942482907
0.5639553428568795 -0.00013840771179714868 6.189158417018364e-05 265.15686274509807 0.02299095022624442 0.04243731041267376 265.15686274509807 0.0009711007124763664 0.23313098 -0.1873030713426044 0.2274517 -0.22898442627859159
0.43515792596344244 1.9598246697953045e-05 4.109204188059616e-05 202.50980392156862 9.502262443436099e-05 0.013115747522742482 202.50980392156862 0.13846247187046387 0.37323907 0.012844058057020472 0.29484206 -0.12312907372865338
0.6974342730183557 8.765143800454974e-05 4.257882780607778e-05 362.52941176470586 -0.09103167420814492 0.02700738497417406 362.52941176470586 -0.3766701576525069 0.35351822 -0.45027802034108233 0.3248762 0.0013029917871683712
0.549980228070599 3.712473619575201e-05 5.852357368597527e-05 391.19607843137254 -0.1252488687782804 0.052520647737146875 391.19607843137254 -0.010337077344478703 0.37753144 -0.06047692264348141 0.3493089 -0.2609308270109879
0.4788711479265014 -6.657095685489144e-05 6.264413267547875e-05 408.6078431372549 0.14926244343891412 0.04600283411134074 408.6078431372549 -0.10331641558022284 0.2833245 -0.07624760245745366 0.2504713 0.027531825590644505
0.5892307144602467 -3.1480182378639504e-05 3.981856638690848e-05 270.27450980392155 0.0024570135746605206 0.02114392650199805 270.27450980392155 0.3896902404004974 0.32085937 0.2243882229613225 0.26067534 0.19964438965113449
0.7108443660458615 -0.0001208642010968438 5.621337774726795e-05 244.14 0.04767669765996606 0.02783992329552298 244.14 -0.15937729616055835 0.42850804 0.38118734101217266 0.24335475 0.12182145194843394
0.5767162887459678 -0.00021127760551344944 8.916127478072856e-05 228.15686274509804 0.04007692307692315 0.03465644206441023 228.15686274509804 0.02888742050426131 0.34333524 -0.279892574708037 0.26089424 -0.20517287881151364
0.6371744991335814 0.00017187872170339028 7.588503256903683e-05 206.3921568627451 0.004918552036199169 0.015263443281586988 206.3921568627451 -0.09861024037445847 0.17081164 -0.31998118391329095 0.17976071 -0.2672681359644634
0.7437090298609593 -1.5180419941692913e-05 2.845696734645516e-05 207.27450980392157 0.022167420814479585 0.010942768064869048 207.27450980392157 -0.11312044804943736 0.19838244 -0.13218321117157386 0.18450728 -0.07978590892069834
0.8495137147572709 0.00010610341321520603 3.0041255361701334e-05 340.1764705882353 0.0051493212669680676 0.026446884168239565 340.1764705882353 -0.035222158168277555 0.2372856 0.5568641996678584 0.22608155 0.4087195720874356
0.6324667087923539 2.745786334282091e-05 4.7287899942988115e-05 393.0980392156863 0.09235294117647068 0.03835391031073323 393.0980392156863 0.3050390579995276 0.18242101 0.25407454165302445 0.1834915 0.20889547552681792
0.6605273916162838 3.074634043656884e-05 4.8929136536207936e-05 185.09803921568627 0.016864253393665242 0.012895054418668409 185.09803921568627 0.004515884151683264 0.15973803 -0.024933205655429145 0.16243173 0.12394328954725041
0.5309190778487725 -2.132313853610266e-05 5.074704271423647e-05 466.7843137254902 0.14961990950226273 0.04898762656114791 466.7843137254902 -0.21634414323508877 0.7882198 -0.011050748368566225 0.6843124 0.012230463617723444
0.7295020719491047 -1.8486798415228685e-05 4.490272867849828e-05 384.1764705882353 -0.0023122171945701643 0.02170515118753117 384.1764705882353 0.0023412471600882667 0.26479065 -0.052607497306857556 0.20603566 -0.21151759796561254
0.8436533964528575 1.6385952517509332e-05 2.9197148354258665e-05 322.11764705882354 -0.0011628959276018599 0.01603356047668778 322.11764705882354 0.33674958423836276 0.3315699 -0.03890877030336823 0.32751408 0.15854187787581484
0.9179176896496515 -2.397169451516248e-05 2.149789676680695e-05 526.2352941176471 0.0025067873303167196 0.031329941706474525 526.2352941176471 -0.30651505746253277 0.16631298 -0.047680849202128714 0.16812359 -0.05665417380863561
0.7833196724917368 -8.251332465204412e-07 3.9512816312600466e-05 317.7647058823529 0.015185520361990943 0.012086722284844873 317.7647058823529 0.18307501563914774 0.26203546 -0.21327653152670245 0.24867491 -0.05577632011783569
0.8834127595344341 7.774956997192187e-06 2.5234642730671893e-05 287.9019607843137 -0.015180995475113318 0.017852923225762363 287.9019607843137 -0.13765952979274437 0.34379575 -0.25870350455137403 0.3451673 -0.18412031201515622
0.9219716719702289 -4.550256452916658e-05 1.278618946011704e-05 316.29411764705884 0.0844977375565611 0.02158105338995359 316.29411764705884 -0.5156828170093057 0.32155415 -0.30085213789415954 0.35294425 -0.27345426896533226
0.9343695579474118 -2.2184048602934336e-05 3.4707228444127884e-05 115.27450980392157 -0.0009638009049773504 0.014880018667332684 115.27450980392157 -0.2432223116002309 0.19497843 -0.18355176026408646 0.19886728 -0.09925511417074713
0.4678922544264822 0.00011643271088878835 6.747046145941784e-05 128.44 0.0016406690471715943 0.02034046226573853 128.44 0.20599540622123425 0.2871473 0.17150186451816313 0.28327286 0.1649293538012614
0.8183824369916237 -1.2490549615806718e-05 4.001655346098404e-05 249.11764705882354 -0.012552036199094967 0.012950338657794302 249.11764705882354 0.008512103085097117 0.15209997 -0.17409503030549528 0.1427401 -0.16631390954861489
0.7271581846089181 -3.841223711800753e-05 2.8871656715629006e-05 214.47058823529412 -0.011701357466063291 0.009244104393428602 214.47058823529412 -0.16011229572029848 0.18795526 -0.04692815731312441 0.17328018 -0.144037332312491
0.6665408343764123 5.008221791451615e-05 4.5751271497078484e-05 419.96078431372547 -0.09964705882352935 0.03004024841743211 419.96078431372547 0.11224790729095645 0.42872265 -0.20779794149357156 0.25225064 0.16990828790940454
0.8113987674867619 -7.684627609102143e-05 2.7835744181678686e-05 368.84313725490193 0.06389140271493203 0.03488142076384366 368.84313725490193 -0.40700081198977633 0.21809466 -0.23655965905874268 0.20485319 -0.30484701878019765
0.675896377397061 1.895403651739485e-05 3.7536165359529286e-05 221.2156862745098 0.030095022624434323 0.021235869973287743 221.2156862745098 0.057979352574745534 0.23861791 0.4303056954648355 0.2474588 0.46244500032547137
0.8004273713989966 2.3252690859016483e-05 3.365252404958055e-05 195.76470588235293 0.02441176470588246 0.017833163869047736 195.76470588235293 -0.13104161296562414 0.21284035 -0.23859122917340847 0.20949054 -0.14860604022229898
0.6337691272031241 -0.00013640262355695817 5.4314719436420555e-05 332.62745098039215 0.04938914027149312 0.01782320916049216 332.62745098039215 -0.45108622562336853 0.20593402 -0.4396247300210374 0.20231351 -0.3909073421933121
0.6931751334601934 -5.2162056137258944e-05 2.6476041710201345e-05 338.96078431372547 0.07392307692307697 0.021993868240131987 338.96078431372547 0.031113012310563112 0.44744232 0.17822288902902572 0.48913512 -0.1320410348034477
0.5778099244640414 3.34640499088288e-05 5.885935001330562e-05 116.23529411764706 0.0015610859728506492 0.008598428971631924 116.23529411764706 -0.22565136081578488 0.30471125 -0.15883961300310712 0.3139549 -0.2104329935531787
0.9364339261107337 -2.0856389444949886e-05 1.9963908709373748e-05 97.84313725490196 0.001425339366515878 0.008174319021072086 97.84313725490196 -0.08117828055913086 0.19146031 -0.3914897352934192 0.21877766 -0.15219791083357667
